  21
  37
  27
  31
  30
  31
  24
  22
  23
  16
  17
  30
  17
  23
  21
  27
  26
  48
  32
  34
  38
  40
  49
  41
  29
  35
  43
  37
  47
  51
  50
  49
  35
  47
  72
  71
  70
  50
  66
  76
  63
  64
  73
  60
  66
  64
  52
  57
  74
  60
  56
  65
  57
  57
  64
  74
  63
  82
  85
  64
  82
  78
  62
  67
  62
  77
  64
  66
  75
  78
  75
  78
  87
  79
  76
  65
  82
  92
  67
 105
  77
  76
  76
  69
  68
  62
  64
  70
  74
  65
  89
  74
  71
  63
  82
  64
  83
  85
  70
  74
  85
  79
  73
  80
  86
  75
  82
  89
  83
  74
  86
  74
  84
 102
  97
  78
  93
  96
  76
  83
  71
  85
  86
 101
  81
  70
  73
  80
  84
  88
 102
  80
  83
  86
  99
  80
 107
 104
 105
 112
  90
 106
 102
 107
 106
 123
 106
  93
  76
  81
  73
  80
  86
  75
  76
  81
  74
  78
  77
  63
  80
 103
  80
  67
  76
  62
  78
  65
  70
  65
  59
  52
  53
  76
  74
  71
  56
  63
  77
  67
  67
  83
  68
  77
  70
  96
  77
  97
  85
  86
  97
 105
 106
  95
  85
  96
  76
  88
  63
  58
  60
  83
  62
  57
  68
  91
  99
  84
  67
  40
  42
  42
  39
  58
  50
  46
  27
  27
  31
  32
  27
  29
  25
  10
   8
   7
   6
   8
   8
  11
   6
   9
   7
   5
   5
   4
   5
  11
   8
  10
  11
   9
  16
   6
   9
   8
  19
  25
  32
  54
  18
   6
   4
   0
   0

SEQUENTIAL EXECUTION TIME: 1001254
PARALLEL EXECUTION TIME: 317015
SPEEDUP:    3.16
NUMBER OF PROCESSORS USED: 111
